1010111.406	0.27693		999524.0584	0.40788		1010111.406	0.50748		1010111.406	0.60524		1020810.898	0.67164		1010111.406	0.74172		989047.681	0.80628		989047.681	0.8653		989047.681	0.92063		989047.681	0.97412		669737.1335	0.99441		327140.8795	0.9815		233508.1708	0.99441		153200.8458	0.99626		100512.5391	0.99441		71744.31757	0.99441		51209.99977	0.99441		38126.42903	0.99626		29921.10322	0.9981		22043.11346	0.99441		16411.34944	0.98888		13433.83026	0.99072		10996.52384	0.99072		9690.43213	0.9981		7291.05751	0.98703
909094.5312	0.27693		899565.9788	0.40604		909094.5312	0.50564		958272.7977	0.59233		918724.0138	0.66795		909094.5312	0.73804		890137.2987	0.80075		890137.2987	0.86161		890137.2987	0.9151		899565.9788	0.96859		602759.6185	0.98519		294424.9346	0.97412		212382.0826	0.98703		140816.3163	0.98703		92387.2543	0.98703		65944.61319	0.98703		47568.84571	0.98519		35415.5483	0.98703		27502.32555	0.98888		20692.6827	0.98703		14770.12134	0.97781		12218.43688	0.9815		10107.58114	0.9815		8813.71367	0.98888		6561.91037	0.97412
818179.9177	0.27509		809604.2746	0.40051		818179.9177	0.50195		862440.0784	0.59048		826846.3974	0.66241		818179.9177	0.73066		801118.516	0.79337		818179.9177	0.85423		809604.2746	0.90772		809604.2746	0.96121		542480.2351	0.97781		264980.7698	0.9649		199370.8853	0.97966		129432.9339	0.97966		83148.00444	0.97597		59978.43345	0.97781		42811.69112	0.97781		32552.60782	0.97966		25279.07828	0.9815		19424.98358	0.97966		13293.02537	0.9649		11349.67665	0.97228		9290.49925	0.97043		8101.22611	0.97966		6031.45526	0.96674
736357.2816	0.2714		728639.2515	0.39682		736357.2816	0.49642		776191.175	0.5831		744157.0641	0.65688		736357.2816	0.72328		728639.2515	0.78784		736357.2816	0.84686		744157.0641	0.90035		736357.2816	0.95383		493400.645	0.97043		243560.1168	0.95568		179432.665	0.97043		116488.9058	0.97228		76426.4429	0.96859		53980.24965	0.96859		39767.67698	0.96859		29607.48919	0.96859		22751.02696	0.97043		17854.69668	0.97043		12090.37097	0.95383		10432.1856	0.96121		8449.96375	0.96121		7446.33499	0.96674		5543.88135	0.95383
662717.3736	0.26955		655771.1903	0.39313		662717.3736	0.49088		698567.6515	0.57942		669737.1335	0.6495		662717.3736	0.71775		676831.2495	0.7823		669737.1335	0.83948		676831.2495	0.89481		662717.3736	0.94461		448761.4123	0.96121		219202.7226	0.9483		161488.38	0.96121		104839.3539	0.96121		69511.94492	0.95752		49096.51682	0.95752		35790.68355	0.95752		26928.82305	0.95937		20692.6827	0.95937		16585.18483	0.9649		11113.00329	0.94461		9488.35878	0.95014		7766.88119	0.95014		6772.6458	0.95568		5095.72219	0.94461
596441.8744	0.26586		590190.3489	0.38944		596441.8744	0.48719		628706.921	0.57204		602759.6185	0.64397		596441.8744	0.71037		622117.2137	0.77677		615596.5755	0.8321		609144.2826	0.88743		596441.8744	0.93539		408160.8065	0.95383		199370.8853	0.93723		145338.6253	0.95199		95354.26638	0.95199		63223.01944	0.95014		44654.62794	0.95014		32211.41203	0.94646		24751.93688	0.95014		18623.29697	0.9483		15569.12402	0.95568		10107.58114	0.93354		8629.92242	0.93908		6990.14898	0.93723		6095.34278	0.94461		4586.12105	0.92986
536794.3013	0.26217		531167.9638	0.38575		536794.3013	0.48166		565832.6601	0.56835		542480.2351	0.63844		542480.2351	0.70484		565832.6601	0.76939		554033.4236	0.82657		554033.4236	0.8819		536794.3013	0.92801		367342.4089	0.94461		181333.2855	0.92986		132189.4639	0.94277		85818.29848	0.94277		56900.35862	0.93908		40614.60824	0.93908		28990.08798	0.93539		22276.60269	0.93908		17299.13579	0.93908		14160.54509	0.94646		9388.90782	0.92432		7932.29227	0.92986		6425.07569	0.92617		5602.60429	0.93539		4127.48291	0.91879
483111.8241	0.26033		478048.1523	0.38206		483111.8241	0.47797		509246.1822	0.56282		488229.1323	0.6329		488229.1323	0.6993		514640.3156	0.76386		509246.1822	0.81919		503908.5866	0.87268		483111.8241	0.91879		330606.0828	0.93908		164927.5941	0.92063		121503.4634	0.93723		77235.98149	0.9317		51209.99977	0.92801		36940.09957	0.9317		26646.5722	0.92801		20048.81597	0.92617		16069.12566	0.93354		13015.8276	0.93723		8539.46905	0.91326		7291.05751	0.91879		5968.23737	0.92063		5149.69806	0.92432		3834.00895	0.90772
434797.8993	0.25664		430240.6235	0.37837		434797.8993	0.47244		458318.6733	0.55728		439403.4477	0.62737		439403.4477	0.69193		468079.475	0.75832		458318.6733	0.81366		453514.8675	0.8653		439403.4477	0.91141		303880.3767	0.9317		148433.8985	0.91326		110510.7308	0.92801		69511.94492	0.92248		47070.25923	0.91879		33953.91663	0.92248		23981.76373	0.91694		18428.09938	0.91694		14462.12188	0.92248		11838.25201	0.92617		7849.15102	0.90403		6701.65922	0.90957		5485.7739	0.90957		4683.79156	0.91326		3487.13625	0.8985
391315.6413	0.2548		387214.1189	0.37284		391315.6413	0.46691		412484.2043	0.55175		395460.6087	0.61999		395460.6087	0.68455		421268.8705	0.75095		416853.3973	0.80628		412484.2043	0.85792		399649.4811	0.90403		279315.1371	0.92432		136434.722	0.90588		99459.0304	0.91694		63892.70224	0.9151		43265.16918	0.91326		30882.01796	0.91141		21812.07153	0.90772		16760.86156	0.90957		13293.02537	0.91141		10881.26525	0.9151		7139.01802	0.89481		6159.90702	0.90035		4989.46174	0.90035		4215.38581	0.90035		3171.64601	0.88743
352181.8559	0.25111		348490.509	0.36915		352181.8559	0.46322		371233.4425	0.54622		355912.303	0.61446		355912.303	0.67901		387214.1189	0.74357		379139.5921	0.7989		379139.5921	0.85239		359682.2644	0.89666		254044.7741	0.9151		122790.4753	0.90035		89512.56279	0.90957		57503.06933	0.90403		39350.85741	0.90403		28088.04191	0.90219		19630.74056	0.89666		15244.46305	0.90219		12090.37097	0.90219		9793.07696	0.90588		6425.07569	0.88375		5661.94926	0.89297		4586.12105	0.88928		3793.8233	0.88928		2884.69899	0.87452
316961.6712	0.25111		313639.4799	0.36731		316961.6712	0.45953		334107.9909	0.54253		320319.0524	0.61077		320319.0524	0.67533		348490.509	0.73619		344837.8525	0.79337		344837.8525	0.84501		323711.9963	0.89112		231060.6863	0.90772		110510.7308	0.89112		81414.12968	0.90035		51752.43599	0.89481		36169.79237	0.89666		25279.07828	0.89297		17667.55507	0.88743		13865.25705	0.89297		10881.26525	0.89297		8907.07195	0.89481		5968.23737	0.87637		5095.72219	0.88006		4171.20281	0.88006		3414.41944	0.87452		2623.71281	0.86161
285263.7049	0.24742		282273.7516	0.36362		285263.7049	0.45584		300695.2953	0.53699		288285.3289	0.60339		288285.3289	0.66795		313639.4799	0.7325		310352.1098	0.78784		313639.4799	0.83763		297543.5979	0.88375		207953.306	0.90035		101577.207	0.8819		74048.38277	0.89297		47568.84571	0.88743		32552.60782	0.88743		22751.02696	0.88375		16069.12566	0.87821		12478.65264	0.8819		9793.07696	0.88006		8016.3142	0.88559		5371.37975	0.86346		4683.79156	0.87268		3793.8233	0.86899		3105.50808	0.8653		2386.33873	0.8487
256735.7151	0.24373		254044.7741	0.35993		256735.7151	0.45031		270624.0589	0.53146		259455.1596	0.59786		259455.1596	0.66057		285263.7049	0.72512		279315.1371	0.77861		282273.7516	0.83026		270624.0589	0.87637		189139.2325	0.89112		91418.90968	0.87452		67349.03403	0.88375		42811.69112	0.88006		29607.48919	0.88006		20475.79512	0.87452		14615.31029	0.86899		11349.67665	0.87083		8813.71367	0.87083		7291.05751	0.87268		4885.41713	0.85239		4305.16078	0.85977		3487.13625	0.85608		2854.4634	0.85423		2216.66431	0.84317
231060.6863	0.24189		228638.8547	0.35624		231060.6863	0.44662		243560.1168	0.52593		233508.1708	0.59233		233508.1708	0.65319		256735.7151	0.71775		251382.0379	0.77124		256735.7151	0.82472		246140.0003	0.86899		170224.2356	0.88375		84028.74042	0.86715		60613.74833	0.87637		38530.27899	0.87083		26928.82305	0.86899		18428.09938	0.86161		13433.83026	0.85977		10432.1856	0.86161		8016.3142	0.85792		6701.65922	0.8653		4396.84769	0.83948		3915.66175	0.8487		3205.24132	0.84686		2596.21272	0.84132		2037.47245	0.83395
207953.306	0.2382		205773.6713	0.35255		207953.306	0.44108		219202.7226	0.52039		210156.0283	0.58495		210156.0283	0.64766		231060.6863	0.71221		228638.8547	0.76386		231060.6863	0.8155		221524.603	0.86161		153200.8458	0.87637		77235.98149	0.85792		55129.86572	0.8653		34677.03237	0.85977		24751.93688	0.85977		16938.39911	0.85423		12347.85931	0.85055		9588.86317	0.85055		7214.63727	0.84686		6225.15514	0.85423		3999.0535	0.83026		3524.07335	0.83579		2915.25484	0.83395		2336.57671	0.82841		1892.60326	0.82288
187156.795	0.23635		185195.1362	0.34702		187156.795	0.43739		197281.2061	0.51486		189139.2325	0.57942		189139.2325	0.64028		210156.0283	0.70484		207953.306	0.75832		207953.306	0.80812		199370.8853	0.85239		137879.8916	0.86715		69511.94492	0.8487		50142.12416	0.85792		31209.1323	0.8487		22751.02696	0.85239		15569.12402	0.84686		11113.00329	0.83948		8813.71367	0.84132		6631.41668	0.83763		5661.94926	0.84686		3637.24879	0.81735		3171.64601	0.82472		2679.58996	0.82472		2170.44049	0.82103		1739.60801	0.81181
168440.0531	0.23451		166674.5713	0.34333		168440.0531	0.43186		177551.9656	0.50933		170224.2356	0.57388		170224.2356	0.6329		191142.6688	0.69746		187156.795	0.75095		187156.795	0.80075		183254.0382	0.84501		126733.8854	0.85977		63223.01944	0.84132		46576.89862	0.85055		28990.08798	0.84132		21133.37426	0.84317		14160.54509	0.83763		10107.58114	0.83026		8016.3142	0.8321		6095.34278	0.83026		5204.24566	0.83579		3273.50326	0.80628		2946.13436	0.81366		2462.97588	0.81366		1974.07512	0.80812		1598.98068	0.80259
151595.0917	0.23082		150006.1681	0.33964		151595.0917	0.42633		159795.7612	0.50379		153200.8458	0.5665		153200.8458	0.62737		173849.4971	0.69193		168440.0531	0.74172		172027.3169	0.79337		168440.0531	0.83763		117722.8015	0.85423		57503.06933	0.8321		42811.69112	0.84317		26090.91462	0.8321		19221.38322	0.83579		12744.4102	0.82657		9193.12212	0.82103		7291.05751	0.82288		5543.88135	0.81919		4783.54215	0.82841		2946.13436	0.79521		2651.5042	0.80259		2216.66431	0.80444		1795.47544	0.79706		1454.31676	0.78968
136434.722	0.22897		135004.6998	0.33595		136434.722	0.42264		143815.278	0.49826		137879.8916	0.56097		137879.8916	0.62184		158120.8834	0.68455		153200.8458	0.73435		154823.6087	0.78599		151595.0917	0.82841		105949.8531	0.84501		51752.43599	0.82472		38530.27899	0.83579		23730.40209	0.82472		17482.37496	0.82657		11591.39044	0.81735		8361.39658	0.80997		6631.41668	0.81366		4989.46174	0.80812		4350.76272	0.8155		2765.64486	0.78599		2386.33873	0.78968		2016.11695	0.79152		1633.03413	0.78599		1322.74096	0.77861
122790.4753	0.22713		121503.4634	0.33411		122790.4753	0.41895		129432.9339	0.49273		124091.1198	0.55728		124091.1198	0.6163		142307.8975	0.67717		139340.369	0.72881		140816.3163	0.77677		136434.722	0.82103		96364.29583	0.83763		47568.84571	0.81735		35044.34498	0.82657		21583.45122	0.8155		15734.03823	0.81735		10432.1856	0.80628		7604.91941	0.80075		6095.34278	0.80628		4538.05223	0.7989		4041.41303	0.80812		2489.06467	0.77492		2216.66431	0.78415		1833.71364	0.7823		1469.72145	0.77308		1203.06916	0.7657
110510.7308	0.22344		109352.4274	0.33042		110510.7308	0.41526		116488.9058	0.48904		111681.3034	0.55175		111681.3034	0.61077		129432.9339	0.67164		128076.2999	0.72144		128076.2999	0.76939		122790.4753	0.8155		86727.31924	0.82841		44186.58645	0.80997		31539.71155	0.81735		19630.74056	0.80628		14160.54509	0.80812		9388.90782	0.79706		6916.88268	0.79152		5602.60429	0.79706		4171.20281	0.78784		3675.77594	0.7989		2287.85237	0.7657		2059.05415	0.77492		1667.81282	0.76939		1336.75195	0.76201		1082.75542	0.75464
99459.0304	0.2216		98416.56391	0.32673		99459.0304	0.40973		104839.3539	0.48351		100512.5391	0.54437		100512.5391	0.60339		116488.9058	0.6661		116488.9058	0.7159		116488.9058	0.76386		114059.7774	0.80812		78054.09502	0.81919		40188.91167	0.80259		28385.56136	0.80812		17854.69668	0.79706		13015.8276	0.7989		8539.46905	0.78599		6291.09441	0.7823		5095.72219	0.78784		3754.05885	0.77677		3414.41944	0.78968		2102.90577	0.75832		1892.60326	0.7657		1549.22732	0.76017		1215.81254	0.75095		984.79574	0.73988
89512.56279	0.21791		88574.34887	0.32304		89512.56279	0.4042		94354.82343	0.47797		90460.71464	0.53884		90460.71464	0.59602		105949.8531	0.66057		107072.1151	0.71037		107072.1151	0.75832		102653.1522	0.80075		71744.31757	0.81366		36552.91687	0.79521		25546.8441	0.7989		16239.33608	0.79152		11838.25201	0.79152		7766.88119	0.77677		5782.53165	0.77492		4683.79156	0.77677		3378.63166	0.7657		3105.50808	0.77861		1892.60326	0.74541		1739.60801	0.75464		1394.29579	0.74726		1105.81484	0.73804		895.69872	0.72697
80560.7984	0.21606		79716.4112	0.31751		80560.7984	0.40051		84918.80549	0.47244		81414.12968	0.5333		81414.12968	0.58864		96364.29583	0.65319		97385.0239	0.70299		97385.0239	0.75095		92387.2543	0.79152		64569.47857	0.80444		33245.87993	0.78599		22992.01468	0.78784		14926.57221	0.7823		10881.26525	0.7823		7064.19136	0.76755		5315.08036	0.7657		4215.38581	0.7657		3072.95811	0.75648		2824.54473	0.76939		1721.37455	0.73435		1582.22118	0.74541		1268.15025	0.73619		1005.76891	0.72512		814.66254	0.71406
72504.26127	0.21238		71744.31757	0.31382		72504.26127	0.39497		76426.4429	0.46691		73272.25458	0.52593		74048.38277	0.5831		87645.96871	0.64581		87645.96871	0.69746		87645.96871	0.74357		84028.74042	0.78415		58112.16419	0.79521		29921.10322	0.77677		20692.6827	0.77861		13719.93021	0.77492		9896.80903	0.77308		6425.07569	0.75832		4885.41713	0.75832		3834.00895	0.75648		2765.64486	0.74172		2596.21272	0.76017		1549.22732	0.72328		1469.72145	0.73435		1153.41741	0.72512		905.18631	0.71037		748.80642	0.70115
65253.42357	0.21053		64569.47857	0.31013		65253.42357	0.39128		68783.36479	0.46137		65944.61319	0.52039		66643.12416	0.57757		78880.87432	0.63844		80560.7984	0.69008		78880.87432	0.73435		75625.38939	0.77677		52300.6179	0.78599		27502.32555	0.76939		18623.29697	0.76939		12347.85931	0.76386		8907.07195	0.76201		5968.23737	0.75095		4396.84769	0.74726		3487.13625	0.74541		2489.06467	0.73066		2386.33873	0.7491		1423.99008	0.71221		1350.91134	0.72512		1049.06476	0.71221		823.29176	0.69746		681.05997	0.68455
58727.71081	0.20684		58112.16419	0.30644		58727.71081	0.38575		61904.63786	0.45584		59349.77755	0.51486		59978.43345	0.57019		72504.26127	0.6329		74048.38277	0.68455		70992.33913	0.72697		68783.36479	0.76755		48581.91827	0.77861		25014.11901	0.76201		17117.81722	0.76201		11230.71654	0.75648		8187.03745	0.75464		5428.2755	0.74172		3957.13796	0.73435		3205.24132	0.73619		2287.85237	0.72144		2216.66431	0.74172		1295.15801	0.70115		1241.70567	0.71406		964.25992	0.70299		748.80642	0.6827		612.95011	0.6661
52854.60637	0.205		52300.6179	0.30275		52854.60637	0.38206		55713.82268	0.45031		53414.4629	0.50748		53980.24965	0.56282		65253.42357	0.62737		67349.03403	0.67717		64569.47857	0.71959		62560.35584	0.76017		44186.58645	0.77492		22751.02696	0.75464		15405.93833	0.75464		10542.68737	0.7491		7368.28723	0.74357		4989.46174	0.73435		3637.24879	0.72512		2915.25484	0.72697		2102.90577	0.7159		2016.11695	0.73066		1190.45936	0.69193		1153.41741	0.70484		877.02083	0.68824		681.05997	0.6661		569.36788	0.6495
47568.84571	0.20131		47070.25923	0.29906		47568.84571	0.37653		50142.12416	0.44477		48072.71341	0.50195		48581.91827	0.55728		58727.71081	0.61999		60613.74833	0.66979		59349.77755	0.71221		56303.96514	0.75279		40614.60824	0.7657		20911.86763	0.74541		14160.54509	0.74541		9488.35878	0.73988		6631.41668	0.7325		4586.12105	0.72512		3378.63166	0.71775		2679.58996	0.7159		1932.90999	0.70484		1853.13704	0.72144		1094.22439	0.68086		1060.17686	0.69561		789.31377	0.67348		612.95011	0.6495		523.34103	0.63475
42811.69112	0.20131		42362.96612	0.29722		42811.69112	0.37468		45127.62712	0.44108		43265.16918	0.49826		43723.45067	0.55175		52854.60637	0.61261		54552.02943	0.66241		53414.4629	0.70299		50673.24902	0.74357		36940.09957	0.75832		19221.38322	0.73804		12744.4102	0.73619		8629.92242	0.73066		6095.34278	0.72697		4171.20281	0.7159		3072.95811	0.70852		2437.16052	0.70668		1776.6564	0.69746		1721.37455	0.71406		995.22707	0.66795		964.25992	0.6827		710.37791	0.65688		569.36788	0.6329		486.13022	0.61999
38530.27899	0.19762		38126.42903	0.29353		38530.27899	0.36915		40614.60824	0.43555		38938.40667	0.49088		39350.85741	0.54437		48581.91827	0.60708		50142.12416	0.65504		48581.91827	0.69746		46576.89862	0.73619		33953.91663	0.75095		17667.55507	0.73066		11469.89684	0.72697		7766.88119	0.71959		5602.60429	0.71775		3834.00895	0.70668		2765.64486	0.69746		2263.87255	0.6993		1615.9177	0.68639		1565.63734	0.70299		895.69872	0.65319		886.31057	0.66979		659.86833	0.64213		517.8557	0.6163		451.56519	0.60339
34677.03237	0.19393		34313.56971	0.28984		34677.03237	0.36362		36552.91687	0.43002		35044.34498	0.48535		35415.5483	0.53884		43723.45067	0.60155		46088.7091	0.6495		44186.58645	0.69193		42362.96612	0.73066		30558.33223	0.74172		16239.33608	0.72512		10322.84205	0.7159		7064.19136	0.71037		5042.31206	0.70852		3524.07335	0.69746		2542.07422	0.69008		2080.86445	0.69193		1454.31676	0.67533		1469.72145	0.69561		814.66254	0.64028		797.67448	0.65688		606.52555	0.62921		481.03491	0.5997		419.45782	0.58495
31209.1323	0.19209		30882.01796	0.28431		31209.1323	0.35993		32897.41769	0.42633		31539.71155	0.47982		32552.60782	0.5333		39350.85741	0.59417		42362.96612	0.64397		39767.67698	0.6827		38530.27899	0.72144		27793.64087	0.73435		14770.12134	0.7159		9290.49925	0.70668		6357.73212	0.70115		4586.12105	0.6993		3205.24132	0.68824		2336.57671	0.67901		1912.65045	0.6827		1322.74096	0.66241		1336.75195	0.68639		740.95791	0.62737		717.90251	0.64028		569.36788	0.6163		451.56519	0.58495		389.63336	0.5665
28088.04191	0.1884		27793.64087	0.28062		28088.04191	0.3544		29607.48919	0.42079		28385.56136	0.47244		29921.10322	0.52777		35790.68355	0.58679		38938.40667	0.63844		35790.68355	0.67533		34677.03237	0.71406		25279.07828	0.72697		13433.83026	0.70668		8361.39658	0.69746		5782.53165	0.69377		4215.38581	0.69008		2915.25484	0.67717		2170.44049	0.67348		1739.60801	0.67164		1203.06916	0.65319		1228.6909	0.67533		673.92153	0.61261		673.92153	0.63106		523.34103	0.5997		419.45782	0.56835		365.76319	0.5499
25279.07828	0.18655		25014.11901	0.27693		25279.07828	0.35071		26646.5722	0.41526		25546.8441	0.46691		26928.82305	0.52039		32897.41769	0.58126		35415.5483	0.63106		32552.60782	0.66795		31209.1323	0.70668		22992.01468	0.71775		12218.43688	0.6993		7604.91941	0.68824		5259.37106	0.68455		3874.62027	0.6827		2651.5042	0.66795		1974.07512	0.66426		1598.98068	0.66426		1094.22439	0.64028		1129.36535	0.66426		612.95011	0.59786		612.95011	0.61261		486.13022	0.5831		393.76051	0.55175		339.75655	0.5333
22751.02696	0.18286		22512.56512	0.27324		22751.02696	0.34517		23981.76373	0.40973		22992.01468	0.46137		24235.78789	0.51486		29607.48919	0.57573		31873.79243	0.62553		29297.16226	0.66057		28088.04191	0.69746		20911.86763	0.70852		11113.00329	0.69193		6844.3843	0.67901		4783.54215	0.67533		3524.07335	0.67348		2411.61575	0.65873		1795.47544	0.65319		1454.31676	0.65319		995.22707	0.63106		1027.18874	0.65319		563.40013	0.57942		557.49493	0.59602		446.83217	0.5665		369.6375	0.53515		318.94199	0.51486
20475.79512	0.18102		20261.18082	0.26955		20475.79512	0.33964		21583.45122	0.4042		20911.86763	0.45584		21812.07153	0.50748		27214.06361	0.56835		29297.16226	0.61815		26367.27973	0.65135		25546.8441	0.69008		18820.56216	0.70115		10107.58114	0.6827		6291.09441	0.66979		4305.16078	0.6661		3273.50326	0.66426		2216.66431	0.65135		1650.33186	0.64397		1336.75195	0.64397		905.18631	0.61815		944.15233	0.64028		517.8557	0.56282		512.42786	0.57942		423.90088	0.55175		343.35538	0.5167		293.15919	0.49826
18428.09938	0.17733		18234.94772	0.26586		18428.09938	0.33411		19424.98358	0.39682		18820.56216	0.45031		19838.67699	0.50195		25014.11901	0.56282		26646.5722	0.61261		23730.40209	0.64397		22992.01468	0.68086		17117.81722	0.69377		9096.76565	0.67348		5782.53165	0.66426		3874.62027	0.65504		2946.13436	0.65504		2016.11695	0.64213		1485.28931	0.6329		1203.06916	0.6329		832.01239	0.60524		849.73173	0.62737		475.99301	0.54437		475.99301	0.56282		393.76051	0.53515		322.32035	0.50195		275.19933	0.48166
16585.18483	0.17549		16411.34944	0.26402		16585.18483	0.33226		17482.37496	0.39313		16938.39911	0.44477		17854.69668	0.49457		22512.56512	0.55544		24492.50277	0.60708		21357.22717	0.63659		21133.37426	0.67348		15569.12402	0.68824		8273.75773	0.66426		5204.24566	0.65504		3524.07335	0.64581		2651.5042	0.64397		1872.76619	0.63475		1350.91134	0.62368		1094.22439	0.62184		764.75374	0.59417		797.67448	0.61999		442.14876	0.52777		446.83217	0.54806		369.6375	0.51855		296.26445	0.48535		261.07619	0.46875
14926.57221	0.17364		14770.12134	0.25849		14926.57221	0.32673		15734.03823	0.3876		15244.46305	0.43924		16069.12566	0.49088		20261.18082	0.54806		22512.56512	0.5997		19424.98358	0.62921		19019.91687	0.66426		14160.54509	0.67901		7525.20946	0.65688		4834.21129	0.64766		3171.64601	0.63659		2386.33873	0.63475		1721.37455	0.62737		1241.70567	0.61446		995.22707	0.61077		695.56449	0.57757		725.50681	0.60524		415.06133	0.51302		419.45782	0.5333		339.75655	0.50011		278.11435	0.46875		247.67784	0.45584
13433.83026	0.1718		13293.02537	0.2548		13433.83026	0.32304		14160.54509	0.38206		13719.93021	0.43371		14462.12188	0.48351		18234.94772	0.54253		20911.86763	0.59417		17482.37496	0.62184		17299.13579	0.65873		12879.40395	0.67164		6772.6458	0.64766		4396.84769	0.63844		2884.69899	0.62737		2147.69131	0.62737		1549.22732	0.61815		1141.32802	0.60524		905.18631	0.59786		646.10818	0.56835		659.86833	0.58864		385.54947	0.49642		393.76051	0.5167		315.59904	0.48166					230.06735	0.43924
12090.37097	0.16811		11963.64737	0.25111		12090.37097	0.31751		12744.4102	0.37653		12347.85931	0.42633		13015.8276	0.47797		16760.86156	0.53699		19019.91687	0.58864		15900.69927	0.6163		15900.69927	0.65319		11591.39044	0.66057		6225.15514	0.64028		3999.0535	0.63106		2596.21272	0.61815		1974.07512	0.6163		1423.99008	0.60893		1038.06913	0.59417		832.01239	0.58495		600.16834	0.55175		600.16834	0.57388		361.9295	0.48166		369.6375	0.50379		296.26445	0.46875					220.57226	0.42448
10881.26525	0.16442		10767.21472	0.24742		10881.26525	0.31382		11469.89684	0.371		11113.00329	0.42079		11714.17096	0.47059		15084.68026	0.53146		17299.13579	0.58126		14615.31029	0.60893		14310.53909	0.64397		10542.68737	0.65319		5721.92282	0.63475		3599.12545	0.62184		2386.33873	0.61077		1814.49381	0.60893		1281.58299	0.59786		934.25632	0.57942		764.75374	0.57388		545.86956	0.53515		551.65162	0.55728		343.35538	0.46875		346.99234	0.48904		278.11435	0.45584					204.88904	0.40788
9793.07696	0.16258		9690.43213	0.24373		9793.07696	0.30829		10322.84205	0.36731		10001.63988	0.41526		10654.35961	0.46322		14012.12324	0.52593		15734.03823	0.57573		13293.02537	0.60155		12879.40395	0.63475		9588.86317	0.64581		5149.69806	0.62553		3239.19248	0.61261		2170.44049	0.60339		1633.03413	0.5997		1177.98172	0.58864		840.82538	0.56466		695.56449	0.55913		507.05692	0.52039		512.42786	0.54068		318.94199	0.45399		322.32035	0.47059		261.07619	0.44108						
8813.71367	0.15889		8721.33391	0.24004		8813.71367	0.3046		9290.49925	0.36177		9001.41912	0.40973		9588.86317	0.45768		12879.40395	0.52039		14310.53909	0.56835		12090.37097	0.59602		11838.25201	0.62921		8721.33391	0.63659		4634.69902	0.6163		2946.13436	0.60339		1994.98529	0.59417		1469.72145	0.58864		1082.75542	0.57757		764.75374	0.55359		632.63497	0.54253		471.00395	0.50379		466.06719	0.52224		293.15919	0.43739		305.77897	0.45768		247.67784	0.42633						
7932.29227	0.15704		7849.15102	0.23635		7932.29227	0.29906		8361.39658	0.35624		8101.22611	0.40235		8629.92242	0.45215		11963.64737	0.51486		13015.8276	0.56097		10881.26525	0.58679		10881.26525	0.62184		7849.15102	0.62921		4215.38581	0.60893		2651.5042	0.59417		1795.47544	0.58495		1350.91134	0.57942		974.47373	0.56466		695.56449	0.53699		575.39885	0.52593		442.14876	0.48904		437.51444	0.50564		272.31487	0.41895		284.03735	0.44662		232.50431	0.40973						
7139.01802	0.15335		7064.19136	0.23266		7139.01802	0.29353		7525.20946	0.35071		7291.05751	0.39682		7849.15102	0.44477		10881.26525	0.50748		11963.64737	0.55544		9793.07696	0.57757		9793.07696	0.61446		7214.63727	0.62368		3834.00895	0.5997		2411.61575	0.58495		1633.03413	0.57573		1241.70567	0.57204		877.02083	0.55175		632.63497	0.52224		534.48661	0.50933		410.71092	0.47428		410.71092	0.49088		255.632	0.4042		266.63632	0.43002									
6425.07569	0.15151		6357.73212	0.22713		6425.07569	0.28984		6772.6458	0.34517		6561.91037	0.39128		7139.01802	0.43924		9896.80903	0.50195		10996.52384	0.5499		8813.71367	0.57019		8907.07195	0.60524		6493.13259	0.61446		3487.13625	0.59233		2193.43064	0.57757		1469.72145	0.56466		1129.36535	0.56097		806.12376	0.54068		587.6531	0.50748		491.2795	0.49273		377.50966	0.45768		377.50966	0.47428		239.97118	0.38944		250.30134	0.41342									
5782.53165	0.15151		5721.92282	0.22529		5782.53165	0.28615		6095.34278	0.33964		5905.68209	0.3876		6425.07569	0.43371		9001.41912	0.49457		10214.64456	0.54437		7932.29227	0.56282		8016.3142	0.59786		5968.23737	0.60893		3171.64601	0.58126		1994.98529	0.56835		1336.75195	0.55544		1027.18874	0.54806		740.95791	0.52593		540.1481	0.49273		446.83217	0.47428		346.99234	0.43924		354.38223	0.45768		222.90865	0.37284		234.96709	0.39866									
5204.24566	0.14598		5149.69806	0.2216		5204.24566	0.28246		5485.7739	0.33595		5315.08036	0.38022		5782.53165	0.42817		8187.03745	0.48904		9388.90782	0.53699		7139.01802	0.55359		7214.63727	0.58864		5543.88135	0.60155		2884.69899	0.57388		1814.49381	0.56097		1203.06916	0.54437		934.25632	0.53699		681.05997	0.51486		496.48332	0.47428		415.06133	0.45953		325.73449	0.42448		325.73449	0.44293															
4683.79156	0.14413		4634.69902	0.21791		4683.79156	0.27693		4937.16537	0.33042		4783.54215	0.37468		5204.24566	0.42264		7446.33499	0.48166		8449.96375	0.52962		6493.13259	0.54622		6561.91037	0.58126		4989.46174	0.59233		2679.58996	0.5665		1633.03413	0.5499		1105.81484	0.53515		849.73173	0.52408		626.00409	0.50011		456.34835	0.45768		385.54947	0.44477		302.57399	0.40973		302.57399	0.42817															
4215.38581	0.14044		4171.20281	0.21422		4215.38581	0.2714		4443.42081	0.32488		4305.16078	0.36731		4783.54215	0.41711		6701.65922	0.47613		7849.15102	0.52408		5843.78247	0.54068		6031.45526	0.57757		4586.12105	0.58679		2462.97588	0.55913		1501.02207	0.54253		1005.76891	0.52224		789.31377	0.51486		575.39885	0.48535		415.06133	0.44108		358.13598	0.42817		281.06025	0.39497		284.03735	0.41342															
3793.8233	0.13675		3754.05885	0.20869		3793.8233	0.26771		3999.0535	0.31935		3874.62027	0.36177		4305.16078	0.40973		6095.34278	0.46875		7291.05751	0.51855		5315.08036	0.5333		5543.88135	0.56835		4215.38581	0.57942		2240.14408	0.55175		1394.29579	0.53515		924.46404	0.51302		710.37791	0.49826		528.88446	0.46875		381.50839	0.42448		332.67165	0.41342		258.33975	0.37653		263.84161	0.39682															
3414.41944	0.13306		3378.63166	0.205		3414.41944	0.26217		3599.12545	0.31382		3487.13625	0.35624		3874.62027	0.40235		5485.7739	0.46322		6772.6458	0.51302		4834.21129	0.52593		4989.46174	0.56097		3834.00895	0.57019		2059.05415	0.54622		1254.8583	0.52593		867.82845	0.50379		639.33609	0.48166		486.13022	0.45399		354.38223	0.40973		305.77897	0.39497		242.51304	0.36177		245.08184	0.38022															
3072.95811	0.12938		3040.74931	0.20131		3072.95811	0.25664		3239.19248	0.30829		3138.40283	0.35071		3524.07335	0.39682		4937.16537	0.45584		6159.90702	0.50748		4396.84769	0.51855		4490.48725	0.55175		3487.13625	0.56282		1872.76619	0.53884		1141.32802	0.51486		806.12376	0.49642		587.6531	0.46506		446.83217	0.43739		329.1848	0.39313		281.06025	0.38022		225.26978	0.34333		230.06735	0.36362															
2765.64486	0.12569		2736.65712	0.19578		2765.64486	0.25295		2915.25484	0.30275		2824.54473	0.34333		3205.24132	0.39128		4443.42081	0.45031		5661.94926	0.50195		3957.13796	0.51117		4041.41303	0.54253		3171.64601	0.55359		1739.60801	0.53146		1049.06476	0.50379		756.73807	0.48719		528.88446	0.45031		410.71092	0.41895		302.57399	0.37653		261.07619	0.36177		209.25256	0.32673		213.70901	0.34702															
2489.06467	0.12015		2462.97588	0.19024		2489.06467	0.24742		2623.71281	0.29722		2569.00086	0.3378		2946.13436	0.38575		4127.48291	0.44477		5259.37106	0.49642		3714.71119	0.50379		3637.24879	0.53515		2915.25484	0.54622		1565.63734	0.52224		954.15315	0.49273		695.56449	0.47244		486.13022	0.43371		377.50966	0.40235		281.06025	0.36362		242.51304	0.34517		198.51378	0.31197																		
2240.14408	0.11462		2216.66431	0.1884		2240.14408	0.24189		2361.32664	0.29169		2336.57671	0.33226		2651.5042	0.37837		3793.8233	0.43924		4885.41713	0.49088		3343.21898	0.49642		3273.50326	0.52593		2679.58996	0.53884		1439.07353	0.51486		867.82845	0.47982		626.00409	0.45584		451.56519	0.41711		346.99234	0.38575		258.33975	0.34517		225.26978	0.32857		184.39898	0.29537																		
2016.11695	0.11278		1994.98529	0.18102		2016.11695	0.2382		2125.18057	0.28615		2102.90577	0.32673		2386.33873	0.371		3450.58629	0.43186		4490.48725	0.48535		3008.87811	0.48904		2946.13436	0.5167		2437.16052	0.53146		1322.74096	0.50564		797.67448	0.47059		569.36788	0.43924		410.71092	0.40051		318.94199	0.371		242.51304	0.32857		209.25256	0.31197		171.28777	0.28062																		
1814.49381	0.1054		1795.47544	0.17549		1814.49381	0.23082		1912.65045	0.28062		1892.60326	0.31935		2147.69131	0.36731		3138.40283	0.42633		4084.22125	0.47797		2707.97322	0.48166		2651.5042	0.50933		2216.66431	0.52593		1203.06916	0.49457		725.50681	0.45768		517.8557	0.42264		377.50966	0.38391		293.15919	0.3544		225.26978	0.31197		194.3742	0.29353																					
1633.03413	0.10171		1615.9177	0.16811		1650.33186	0.22529		1739.60801	0.27324		1721.37455	0.31382		1932.90999	0.35993		2854.4634	0.42079		3714.71119	0.47244		2462.97588	0.47244		2386.33873	0.50195		2037.47245	0.5167		1094.22439	0.48535		659.86833	0.44293		475.99301	0.40604		346.99234	0.36731		275.19933	0.33964		207.05931	0.29353		180.55373	0.27877																					
1469.72145	0.09618		1454.31676	0.16073		1485.28931	0.21606		1615.9177	0.26771		1549.22732	0.30644		1739.60801	0.35071		2623.71281	0.41342		3343.21898	0.46506		2240.14408	0.46691		2170.44049	0.49642		1833.71364	0.50933		1005.76891	0.47613		593.87775	0.42448		428.39101	0.3876		318.94199	0.35071		250.30134	0.3212																											
1322.74096	0.09064		1322.74096	0.15335		1336.75195	0.20684		1454.31676	0.26033		1409.06472	0.29906		1565.63734	0.34333		2411.61575	0.40788		3105.50808	0.45953		2037.47245	0.46137		1953.38412	0.48535		1667.81282	0.50011		914.77439	0.46322		540.1481	0.40788		389.63336	0.371		290.08648	0.33411		237.45595	0.30644																											
1190.45936	0.08511		1203.06916	0.14782		1203.06916	0.19946		1336.75195	0.2548		1268.15025	0.28984		1423.99008	0.33595		2170.44049	0.40235		2824.54473	0.45215		1833.71364	0.45399		1758.03462	0.47797		1532.9893	0.49273		832.01239	0.45215		496.48332	0.39128		354.38223	0.35255		269.46064	0.31751		218.26036	0.28984																											
1071.40666	0.07958		1105.81484	0.14044		1094.22439	0.19209		1215.81254	0.24557		1177.98172	0.28062		1295.15801	0.32673		1974.07512	0.39682		2596.21272	0.44662		1667.81282	0.44662		1615.9177	0.47059		1394.29579	0.48535		756.73807	0.43924		456.34835	0.37837		325.73449	0.33595		245.08184	0.29906		202.74153	0.27509																											
964.25992	0.07404		1005.76891	0.13491		984.79574	0.18286		1117.52806	0.2382		1060.17686	0.27324		1190.45936	0.31935		1833.71364	0.38944		2361.32664	0.43924		1549.22732	0.43924		1469.72145	0.46322		1308.87683	0.47797		681.05997	0.42448		419.45782	0.36177		299.4026	0.3212		230.06735	0.28615		186.3522	0.25849																											
867.82845	0.06851		924.46404	0.12938		905.18631	0.17364		1005.76891	0.22713		954.15315	0.26033		1094.22439	0.31197		1703.33219	0.38391		2147.69131	0.43371		1394.29579	0.43002		1336.75195	0.45399		1190.45936	0.46875		619.44271	0.40604		389.63336	0.34886		272.31487	0.30275		215.9727	0.27324		173.10211	0.24189																											
781.04068	0.06482		840.82538	0.122		840.82538	0.16811		905.18631	0.21791		858.73242	0.25111		995.22707	0.30091		1549.22732	0.37837		1953.38412	0.42817		1308.87683	0.42264		1215.81254	0.44477		1094.22439	0.45768		557.49493	0.38944		354.38223	0.33226		255.632	0.288		198.51378	0.2548																														
702.93218	0.05929		764.75374	0.11646		772.85431	0.16258		832.01239	0.20869		797.67448	0.24189		895.69872	0.288		1423.99008	0.36915		1776.6564	0.42079		1190.45936	0.41342		1105.81484	0.43371		995.22707	0.44846		507.05692	0.37284		329.1848	0.31751		234.96709	0.27509		182.46622	0.2382																														
632.63497	0.05375		702.93218	0.10909		702.93218	0.1552		756.73807	0.19946		733.19166	0.23266		806.12376	0.27877		1295.15801	0.36177		1598.98068	0.41157		1094.22439	0.4042		1027.18874	0.42633		895.69872	0.43739		461.18217	0.35624		299.4026	0.30091		215.9727	0.25664		167.71592	0.2216																														
569.36788	0.04822		639.33609	0.10171		632.63497	0.14413		688.27402	0.19209		673.92153	0.22344		733.19166	0.26771		1177.98172	0.35255		1469.72145	0.4042		984.79574	0.39313		944.15233	0.41711		806.12376	0.42448		415.06133	0.33964		275.19933	0.28431		200.61652	0.24189		155.79092	0.20869																														
512.42786	0.04269		575.39885	0.09618		569.36788	0.13491		632.63497	0.18286		619.44271	0.21422		666.85791	0.2548		1071.40666	0.34333		1336.75195	0.39497		905.18631	0.38206		867.82845	0.40604		748.80642	0.41157		373.55284	0.3212		250.30134	0.26955		184.39898	0.22529		146.24668	0.19578																														
461.18217	0.039		523.34103	0.08695		512.42786	0.12384		575.39885	0.1718		557.49493	0.20131		612.95011	0.24557		984.79574	0.33411		1215.81254	0.3876		832.01239	0.37284		806.12376	0.39866		702.93218	0.40235		336.19544	0.30275		230.06735	0.25295		167.71592	0.20684		135.84819	0.18286																														
415.06133	0.03531		471.00395	0.07958		466.06719	0.11462		517.8557	0.16073		501.74227	0.19024		557.49493	0.23451		895.69872	0.32304		1117.52806	0.37837		772.85431	0.36362		748.80642	0.38575		632.63497	0.38575		305.77897	0.28615		209.25256	0.23451		147.79578	0.18471																																	
373.55284	0.02978		428.39101	0.07404		428.39101	0.10909		466.06719	0.14966		461.18217	0.17918		507.05692	0.2216		832.01239	0.31197		1005.76891	0.36731		695.56449	0.34886		681.05997	0.37284		575.39885	0.37284		278.11435	0.2714		194.3742	0.21791																																				
336.19544	0.02609		385.54947	0.06667		389.63336	0.09987		419.45782	0.13675		423.90088	0.16995		461.18217	0.20869		772.85431	0.3046		914.77439	0.3544		632.63497	0.33411		626.00409	0.35993		523.34103	0.35624		255.632	0.2548		176.78866	0.20315																																				
302.57399	0.0224		346.99234	0.05929		354.38223	0.09064		377.50966	0.12753		389.63336	0.15889		415.06133	0.19578		702.93218	0.29353		832.01239	0.34333		569.36788	0.31935		569.36788	0.34333		471.00395	0.3378		232.50431	0.2382		164.21857	0.1884																																				
272.31487	0.0224		312.29113	0.05375		322.32035	0.08327		339.75655	0.11462		354.38223	0.14782		373.55284	0.18286		652.95201	0.28246		764.75374	0.33411		517.8557	0.3046		523.34103	0.33226		428.39101	0.32304		211.46905	0.21975		149.36129	0.17364																																				
245.08184	0.01871		281.06025	0.05007		293.15919	0.07958		309.0179	0.10724		322.32035	0.13491		346.99234	0.1718		587.6531	0.26955		702.93218	0.32304		471.00395	0.29169		475.99301	0.31751		393.76051	0.31013		192.33689	0.20315		138.74134	0.16073																																				
220.57226	0.01687		252.95263	0.04453		266.63632	0.0722		281.06025	0.09987		296.26445	0.12753		315.59904	0.15889		534.48661	0.25849		652.95201	0.31197		428.39101	0.27693		432.92869	0.30275		354.38223	0.29169		174.93568	0.18471		126.18905	0.14782																																				
198.51378	0.01502		227.65593	0.039		242.51304	0.06667		252.95263	0.09064		278.11435	0.12015		293.15919	0.15151		486.13022	0.24557		587.6531	0.29722		389.63336	0.26217		393.76051	0.28615		325.73449	0.27877		159.10879	0.16995		114.7724	0.13491																																				
178.66128	0.01318		204.88904	0.03531		220.57226	0.05929		230.06735	0.08327		252.95263	0.11093		269.46064	0.14044		442.14876	0.23082		528.88446	0.28246		350.66782	0.24557		358.13598	0.2714		299.4026	0.26217		144.71381	0.15704																																							
160.79414	0.01133		184.39898	0.03162		198.51378	0.05375		207.05931	0.07589		232.50431	0.1054		245.08184	0.12938		402.14642	0.21791		481.03491	0.26955		318.94199	0.23082		325.73449	0.25664		269.46064	0.24557		131.62118	0.14229																																							
144.71381	0.00949		165.95803	0.02793		178.66128	0.04638		188.32612	0.06851		211.46905	0.09433		222.90865	0.11831		361.9295	0.20315		432.92869	0.25664		290.08648	0.21791		296.26445	0.24189		242.51304	0.22713		119.71307	0.12938																																							
130.24161	0.00764		149.36129	0.02424		160.79414	0.04269		171.28777	0.06113		190.32094	0.08695		202.74153	0.10724		329.1848	0.1884		393.76051	0.24004		269.46064	0.205		269.46064	0.22529		220.57226	0.21053		111.20118	0.12015																																							
117.21671	0.0058		134.42431	0.02055		144.71381	0.03715		154.15802	0.05375		173.10211	0.07773		182.46622	0.09987		302.57399	0.17733		358.13598	0.22713		245.08184	0.19024		242.51304	0.20869		200.61652	0.19209																																										
105.49437	0.00764		120.98112	0.01871		130.24161	0.03347		138.74134	0.04822		157.44112	0.0722		165.95803	0.0888		278.11435	0.16626		325.73449	0.21053		220.57226	0.17364		220.57226	0.19024		180.55373	0.17549																																										
